3737.47  224.114
3068.69  208.786
3024.98  198.84
3222.29  191.59
2791.09  185.829
2984.99  182.675
2550.66  177.906
2824.41  174.641
2499.36  170.107
2642.55  168.059
2441.26  165.867
2635.73  162.552
2317.92  159.542
2248.27  157.354
2205.2  154.303
2192.77  152.947
2285.69  149.817
2026.56  147.173
2117.77  145.514
1953.57  142.414
2057.75  140.404
1870.33  138.363
1653.31  136.302
1734.71  133.9
1775.91  131.772
1753.32  130.364
1593.77  128.493
1754.78  126.871
1463.68  123.909
1560.23  122.013
1480.35  121.722
1516.11  119.022
1341.31  117.649
1103.64  116.467
1379.42  115.163
1308.22  113.001
1161.77  112.506
977.238  110.85
1156.28  108.115
1058.54  106.138
775.302  107.147
1105.64  104.442
802.228  103.327
1135.98  102.546
1009.69  100.578
1186.78  99.089
1069.82  98.209
1153.16  97.733
798.376  96.2691
851.027  94.4389
809.195  93.4836
701.81  91.8523
869.158  92.0595
755.892  90.6729
787.193  89.9603
568.157  87.8814
509.692  87.9238
871.808  87.2695
660.684  86.0852
683.136  84.2946
746.33  83.7316
768.921  82.3574
590.286  82.3975
620.835  79.6656
602.301  80.827
631.865  80.6345
599.928  79.4277
594.415  79.1893
526.693  85.1555
518.741  86.9827
524.487  88.099
470.431  89.2985
-165.38  53.6338
