2596.71  57.705
2385.14  55.4075
2393.65  55.1693
2291.86  53.5746
2198.92  52.3473
2090.85  51.6408
1925.91  50.7027
1806.95  49.7626
1809.88  48.2244
1677.73  46.8987
1736.21  46.114
1692.68  46.3864
1544.08  44.7359
1421.94  42.7593
1456.57  43.6242
1321.46  42.4917
1268.03  41.8441
1294.46  41.6247
1160.35  39.5528
1174.13  38.6563
1049.22  37.6067
1064.98  37.4248
944.178  36.0818
889.629  36.2977
950.73  35.223
1007.28  35.7184
846.138  33.9599
791.429  33.1237
784.781  31.8176
773.132  33.591
758.893  31.7652
711.063  30.655
732.976  29.2828
598.252  29.6945
619.99  30.0495
654.119  29.2817
572.813  28.4867
564.391  27.2833
522.53  27.3966
520.859  27.7294
497.859  26.6896
539.72  27.853
443.232  25.2565
526.496  24.8326
345.727  22.8573
428.214  22.9052
405.591  24.1788
351.21  22.0433
345.997  21.1233
294.686  23.029
255.288  22.0626
317.554  20.6354
272.369  19.8659
262.142  20.4635
260.049  19.396
315.215  19.2469
297.162  19.4273
182.738  18.1221
196.709  20.018
206.653  19.2345
204.929  17.7361
235.5  20.2458
165.4  16.3129
184.352  19.071
194.174  17.1548
171.632  16.9559
232.757  18.1702
155.986  14.9902
128.964  16.2373
92.5395  17.1487
184.348  15.5196
138.655  14.2479
-18.6558  29.7427
