45.5884  48.8635
90.2999  49.2405
41.1168  50.5773
-59.1152  49.5415
-66.1535  50.5951
116.965  48.8836
81.3887  49.8217
-16.3157  50.0903
-85.3114  50.5051
-35.1274  50.6127
106.91  49.7298
37.4474  48.813
150.653  48.6538
95.1362  49.2184
-159.205  47.8079
-8.05927  49.0406
98.1625  50.0914
33.802  47.3708
-27.2897  49.0907
93.0061  48.3525
15.2275  48.0376
-2.81016  48.3688
-40.9811  48.0721
-26.9779  46.8383
57.3569  47.3521
-7.08385  45.7006
18.4913  47.3366
54.6562  47.121
-13.9091  46.7054
26.2134  49.0861
0.953413  46.052
-41.7421  46.7605
11.2769  46.5721
-10.9928  47.8065
-149.095  47.0441
58.7273  47.5664
28.7078  47.6513
83.3673  46.9093
-35.3793  45.7677
-8.99512  46.5571
-26.1998  45.7727
-83.1807  46.4748
43.0051  45.76
18.9871  46.5315
-103.076  46.6487
40.821  46.3733
116.598  44.1872
-43.8848  46.4012
-36.4333  46.5783
-6.42407  45.3009
-50.8968  45.1293
48.0068  45.0915
-0.124641  46.2073
-30.1395  45.6891
41.2003  44.175
30.9673  44.663
-138.199  53.8866
