90.8259  44.6819
0.245404  45.3528
123.381  44.5824
73.4682  45.4537
-35.7058  45.8798
106.958  43.7756
-35.215  45.4361
77.6704  44.7315
-62.0832  44.0071
-11.9224  45.4779
-76.641  45.6162
67.3055  45.2239
48.4413  45.4523
104.479  43.7266
-1.40945  44.678
-41.0321  44.2011
-11.2135  44.9893
-14.7779  44.686
-80.2  43.4268
-77.1979  43.4089
44.5283  45.7286
-31.4477  44.0739
-54.4826  42.7777
36.3966  44.7484
-96.9882  43.7625
59.1114  41.6925
-14.5677  43.7853
-38.8681  40.9194
-27.1678  44.3936
-60.4825  42.8798
180.296  43.0085
-39.2482  42.6324
-59.0077  43.719
47.6936  43.0522
-75.995  43.2056
-32.453  43.6877
-101.383  42.7305
41.5139  43.8756
14.9518  43.0697
-43.7797  43.2033
-76.6694  43.535
-41.1879  42.6421
27.2252  43.3494
-54.1366  43.8326
-53.9046  42.2126
6.92263  42.574
83.484  42.1377
95.1235  42.9109
-109.443  43.9734
7.42502  42.5706
-47.4106  42.6703
101.539  41.9742
-133  41.9112
-42.6569  43.2649
49.1401  42.6694
35.2719  43.0824
-81.8853  40.658
-93.8526  42.3076
-57.6186  40.7193
120.201  42.446
-154.303  40.1107
-23.5075  39.6154
33.0446  41.8351
45.6458  43.0272
-93.5892  42.1338
58.9132  40.794
26.5464  40.1345
40.5139  40.541
-97.5881  41.1375
-18.3145  41.4493
-99.2338  41.1552
1.96207  40.7076
-165.38  53.6338
