-45.565  43.1286
-34.7483  44.9654
52.6297  43.7817
108.984  45.8427
-36.9182  45.8666
66.6522  43.3127
-105.627  44.6546
59.2338  44.525
-0.185787  44.7049
-71.3536  44.8197
-138.482  44.9333
91.0147  45.4853
-4.95347  44.861
32.6593  42.8975
-15.6855  44.518
-19.8881  44.4397
-128.309  43.6685
-109.624  43.6119
112.987  45.5969
69.0602  45.0621
-99.8019  44.1223
22.9203  44.6864
30.5869  43.7608
-71.959  43.5208
-64.4197  44.1331
125.324  42.4792
-13.085  43.8022
127.503  42.9041
-122.39  43.3078
10.942  43.7047
91.7253  41.9662
50.8498  43.6763
-46.2257  43.865
22.5654  42.7593
-9.31387  43.9705
-28.0181  43.7385
-28.7611  43.572
-38.1061  42.9586
-83.2738  41.9139
-35.832  43.2951
-47.2837  43.8712
-76.24  42.2291
27.6604  43.3544
-49.7694  43.8823
5.02945  42.9049
-50.5942  41.8931
-97.6267  39.9309
31.8673  42.1674
-43.5658  44.7162
-54.0634  41.8422
-83.0596  42.2506
0.0615751  40.7475
-103.464  42.2621
-51.275  43.1652
5.97556  42.1605
73.7256  43.5264
26.416  41.9687
-75.901  42.5192
-20.601  41.1713
125.332  42.5064
59.8054  42.6963
95.3932  41.0887
6.66229  41.5186
-3.69475  42.45
-17.7292  43.0246
35.6881  40.5083
154.73  41.7009
112.641  41.421
49.9279  42.893
-38.8774  41.2005
-38.3019  41.8889
33.3233  41.091
-138.199  53.8866
