73.386  39.7644
40.7808  41.3585
-165.488  42.3742
-50.481  42.6338
-32.2494  40.5599
-53.2947  41.4757
8.08443  41.3609
51.8928  42.3849
-60.8209  41.17
-14.5666  40.1505
76.8597  39.2147
63.17  41.1385
-101.758  39.3969
-28.2796  41.6398
43.2946  40.899
25.7357  40.2755
11.3019  42.5709
21.8635  43.0167
-58.6696  42.48
112.799  40.3756
-66.5303  40.0037
-21.6549  41.0903
0.503817  40.3481
-40.39  41.1895
-36.1069  40.116
-15.1918  40.5259
-65.3676  40.0248
-59.5068  41.0462
-87.0692  40.5066
-13.6917  40.0785
-57.4318  39.9036
-28.5547  40.4935
-35.5941  39.7286
-79.2331  39.4501
-13.3019  39.1413
-83.9958  41.1373
11.7192  39.6696
34.4279  39.9916
-14.6512  40.3654
-3.13741  38.9591
76.8564  39.5189
10.9494  41.4515
-26.3151  39.2014
-106.047  40.6567
44.5269  40.4206
-119.274  39.9269
-0.352764  39.8151
130.595  40.3463
32.7915  39.0956
60.614  38.7008
-1.57556  39.1243
-7.10061  39.1239
-112.266  39.8402
-79.7573  40.918
19.3691  38.0576
39.3559  39.4583
-70.382  39.2282
-4.03412  40.3728
-81.5597  38.7766
-159.641  38.9583
-55.1923  38.9463
60.5642  38.4026
9.69615  39.503
75.2143  40.5781
66.4613  39.3375
-24.2066  41.2084
-42.7005  37.8923
21.5023  39.4587
-7.52089  38.5553
26.251  38.3688
7.2719  38.6521
-59.6556  39.2149
28.8663  39.4047
-15.2446  38.5212
-6.30931  38.1508
-143.557  39.2468
-67.2723  38.5391
13.2155  40.1366
-10.5943  38.9435
35.2549  39.9743
-60.7708  37.5792
-140.218  37.2562
-97.9706  40.8834
34.3377  38.5441
53.6112  39.1766
-143.336  37.1153
3.70351  39.2691
146.851  39.1603
-155.36  38.9909
5.49489  39.7353
15.0815  39.5441
-138.199  53.8866
