54.9456  5.61775
48.0966  1.81975
56.2534  4.82208
68.4975  -nan
-8.9179  2.98629
41.5209  -nan
-39.9729  6.32241
17.9061  2.96297
67.042  -nan
-1.21795  1.10361
24.5896  6.17521
-7.31509  4.81438
-16.4452  4.05527
1.5705  -nan
21.1023  5.54468
71.8943  3.87632
46.3308  -nan
23.1826  3.3494
50.2354  5.16776
-45.6735  6.75822
21.1398  6.75417
11.5669  7.55146
32.1331  2.99371
-19.7682  4.44614
44.1267  4.43445
-1.2306  -nan
-8.16378  2.85723
16.122  5.48398
20.6322  3.61104
15.1401  5.31393
62.9016  -nan
29.2973  1.57817
1.57973  5.03312
55.8949  -nan
85.7289  4.3294
-8.07969  6.13124
11.4866  7.70267
-11.8592  3.44373
51.9296  4.58228
39.2141  7.47277
-34.3236  5.85864
-29.5053  4.16203
-10.4326  3.22995
-18.7977  5.60064
54.5308  2.2823
-18.2456  4.27148
39.9852  3.10941
98.634  6.23149
32.844  4.15929
17.2118  7.04234
31.6022  6.13558
35.6798  5.0745
18.9673  -nan
8.57226  -nan
-12.4023  6.98639
6.7043  -nan
28.6149  -nan
-12.9465  6.40717
22.395  5.94303
68.1583  5.14994
22.1781  4.71395
43.2735  4.24656
21.8772  4.91197
35.7723  2.42379
4.91588  5.72381
0.269383  -nan
-5.95488  5.67209
12.1381  2.00397
-5.68508  2.38434
-0.621433  0.78831
11.848  6.03888
50.6845  -nan
57.4857  -nan
42.599  -nan
26.6698  3.1666
62.094  9.29301
-1.97136  1.40405
-44.8949  -nan
-26.2807  -nan
19.7007  3.04068
55.6847  -nan
-8.22121  2.86727
15.4885  8.50337
1.73947  5.86996
38.0562  -nan
35.1883  3.95474
-270.273  -nan
-16.9417  7.59819
-7.84976  5.94223
-37.1617  6.09604
65.4793  4.66005
-18.6558  29.7427
