38.586  -nan
31.4509  -nan
48.1053  4.4663
12.4567  -nan
54.9419  8.24772
10.3861  6.85426
-11.6285  8.12117
25.546  -nan
-30.2919  5.50381
45.1316  3.66012
12.9243  -nan
-0.461918  0.679646
80.0598  8.99068
35.3242  -nan
40.5185  0.113385
-15.4444  6.4011
66.2729  4.08265
4.67504  -nan
14.5628  4.20897
-16.4595  4.97725
35.529  4.21216
31.7598  5.78411
33.2067  4.5711
24.0436  -nan
15.9047  6.76744
35.1284  4.57986
-26.2371  7.40152
-25.0679  5.21706
66.2535  3.68179
5.07134  5.24537
23.0411  4.3557
-17.9113  7.16779
-12.3449  3.51353
-18.3994  4.28946
15.5298  4.87519
25.9817  4.00696
51.3771  2.12064
10.346  -nan
12.5551  5.52446
-22.6862  7.65159
50.5486  -nan
51.5166  5.81801
39.1462  -nan
34.2036  4.20714
-2.01522  4.16122
-3.53734  1.88078
-10.506  6.03267
12.1659  -nan
-90.1998  -nan
-18.6558  29.7427
