323.263  118.444
279.432  116.112
362.876  117.65
898.685  116.828
579.388  118.643
477.714  116.745
250.317  117.087
339.289  117.217
413.078  117.519
224.388  117.211
752.38  116.103
459.369  116.829
621.263  116.106
289.163  115.724
481.026  117.957
390.372  117.288
462.311  116.66
303.48  115.644
456.599  116.026
660.658  117.623
141.251  115.69
578.589  115.326
746.855  116.001
581.78  115.189
198.803  115.835
11.7148  114.322
130.729  114.641
219.281  114.231
519.378  115.091
272.573  114.774
120.519  113.795
183.069  114.594
368.411  114.291
598.744  113.603
282.88  115.163
284.615  115.559
392.136  113.674
163.496  113.808
401.673  114.83
84.5152  114.271
505.605  115.701
370.238  114.317
-89.4552  115.037
381.072  114.224
165.832  113.574
197.236  113.957
317.566  114.05
379.784  113.954
433.392  113.124
644.325  144.807
