4.68972222222222	12.1811086211109	0	0.00269820422517161
5.68972222222222	11.9997677745343	0	0.00292465446142689
6.68972222222222	11.9369113333824	0	0.00298336430983482
7.68972222222222	11.9043524987745	0	0.0030006558086391
8.68972222222222	11.8805225446345	0	0.00300988049243211
9.68972222222222	11.8558411834175	0	0.00301505979205848
10.6897222222222	11.8443492653692	0	0.00300371872644388
11.6897222222222	11.821049666076	0	0.00301775334896059
12.6897222222222	11.8054084943631	0	0.0030197872737451
13.6897222222222	11.7865719984575	0	0.00302850732078342
14.6897222222222	11.7759664235056	0	0.00302405294877314
15.6897222222222	11.7636374896203	0	0.00302423459461142
16.6897222222222	11.7394074375498	0	0.00305092570444434
17.6897222222222	11.742687068586	0	0.00302615433521418
18.6897222222222	11.7320770590149	0	0.00302510803039309
19.6897222222222	11.7147554881522	0	0.00304458827759799
20.6897222222222	11.7101356342579	0	0.00303678981937603
21.6897222222222	11.7013699052635	0	0.00303991319976478
22.6897222222222	11.6889941800984	0	0.00305077482977225
23.6897222222222	11.6823137463523	0	0.00305140218474058
24.6897222222222	11.6632144121829	0	0.00307722622335803
25.6897222222222	11.6700232264546	0	0.00305381545324799
26.6897222222222	11.6639283385068	0	0.00306753224419604
27.6897222222222	11.6634381065828	0	0.00310843663704481
28.695	11.6462668395425	0	0.00307620072813835
29.695	11.6428127258047	0	0.00307484851146044
30.695	11.6385796638071	0	0.00307663882739948
31.695	11.6291873442547	0	0.00308441275182722
32.695	11.6269235690236	0	0.00308636181128708
33.695	11.6246278285326	0	0.00308873347761541
34.695	11.6148862079447	0	0.00309933715028808
35.695	11.6104695114718	0	0.00310247083794423
36.695	11.6019523095399	0	0.00311516681761213
37.695	11.5972482308821	0	0.00311968970017831
38.695	11.5933619412606	0	0.00312050638517753
39.695	11.5919769122767	0	0.00312319590486574
40.695	11.5977628138056	0	0.0031089624634832
41.695	11.5857669211454	0	0.00312811000780989
42.695	11.5883946531061	0	0.00312172776082864
43.695	11.5771389332839	0	0.00313920774251632
44.695	11.5701844293104	0	0.00314556202959591
45.695	11.5676692993915	0	0.00315120187073381
46.695	11.5637706589758	0	0.00315811283454988
47.695	11.5624582105007	0	0.00316032851786292
48.695	11.5563680228131	0	0.00316697625430869
49.695	11.5530400093066	0	0.00317366201377614
50.695	11.5475007896099	0	0.00318163990803532
51.695	11.5494598809482	0	0.0031714214093578
52.6991666666666	11.5409199374897	0	0.00318570775678488
53.6991666666666	11.5366517571649	0	0.0031935918594545
54.6991666666666	11.5364271247553	0	0.00319067573111411
55.6991666666666	11.5301365017006	0	0.00320160022017772
56.6991666666666	11.5287200708689	0	0.00320097054886212
57.6991666666666	11.5269368455179	0	0.00320509609411208
58.6991666666666	11.5201393819884	0	0.00321497359119971
59.6991666666666	11.5169274463495	0	0.00322353363014313
60.6991666666666	11.5104353672486	0	0.00323120600934524
61.6991666666666	11.5087658256536	0	0.00323053997142137
62.6991666666666	11.5025104161524	0	0.00324499135543365
63.6991666666666	11.4986419393745	0	0.0032480944758566
64.6991666666666	11.495184011994	0	0.00325276995974206
65.6991666666666	11.4897039198294	0	0.00326072672115745
66.6991666666666	11.487069050425	0	0.00326532748402986
67.6991666666666	11.4853456133137	0	0.00326905818994096
68.6991666666666	11.4745515132133	0	0.00328497962805748
69.6991666666666	11.474097314754	0	0.00328657595881553
70.8022222222222	11.4687624788813	0	0.00335772022934831
71.8022222222222	11.4687624788813	0	0.00329589944795035
72.8022222222222	11.4699010468948	0	0.00329284843321975
73.8022222222222	11.4599423225408	0	0.00331036824280153
74.8022222222222	11.466109500785	0	0.00329586288056856
75.8022222222222	11.4558438717089	0	0.00331531354120678
76.8022222222222	11.450526519973	0	0.00332373965948135
77.8022222222222	11.4393424319349	0	0.00334282322220656
78.8022222222222	11.4452438762333	0	0.00333237744473858
79.8022222222222	11.4377621669252	0	0.00334717203253154
80.8022222222222	11.4341809143261	0	0.00335293786704404
81.8022222222222	11.4334221951073	0	0.00335166066643207
82.8022222222222	11.4319485710806	0	0.00335526964970208
83.8022222222222	11.4187818045176	0	0.00337713920312212
84.8022222222222	11.4173997619424	0	0.00338122665434401
85.8022222222222	11.4188653035673	0	0.0033759343812759
86.8022222222222	11.4123689471699	0	0.00338907969843
87.8022222222222	11.4050295155929	0	0.00339597714657449
88.8022222222222	11.4068969484717	0	0.0033978134287452
89.8022222222222	11.3979062314916	0	0.00341454357384145
90.8022222222222	11.398225920465	0	0.00340723884463805
91.8022222222222	11.3903758371417	0	0.00342565861312004
92.8022222222222	11.3811068903494	0	0.00344085567598403
93.8022222222222	11.3803867223628	0	0.00344103969885908
94.9716666666666	11.3768525597225	0	0.0034490059912074
95.9716666666666	11.3708467910437	0	0.00351498986229083
96.9716666666666	11.3613616031092	0	0.00353566537074554
97.9716666666666	11.3626954227227	0	0.00353529883441215
98.9716666666666	11.3536846858731	0	0.00355252342015805
99.9716666666666	11.352908109807	0	0.00354988505261527
100.971666666667	11.3509993009288	0	0.00355129429138487
101.971666666667	11.3451527585239	0	0.00356237271538154
102.971666666667	11.3434553732018	0	0.00356328307144076
103.971666666666	11.3416304913453	0	0.00356694316100801
104.971666666666	11.3404928510066	0	0.00356935178199058
105.971666666666	11.3377229078589	0	0.00357779877443592
106.971666666666	11.3264621428957	0	0.00359656532379632
107.971666666666	11.3186620876232	0	0.00361095694773517
108.971666666666	11.3218012784621	0	0.00360298052128857
109.971666666666	11.3202529210711	0	0.0036054838302908
110.971666666666	11.3148720082156	0	0.00361068648317864
111.971666666666	11.3105864898141	0	0.00362320614873815
112.971666666666	11.3047887457625	0	0.00364205709669793
113.971666666666	11.3020019440191	0	0.00363509401903595
114.971666666666	11.3039054552325	0	0.00362921643276447
115.971666666666	11.2971596312449	0	0.00364155925372616
116.971666666666	11.2907377067402	0	0.00365998763682229
117.971666666666	11.2915204016097	0	0.00365849671571466
118.971666666666	11.2823518791861	0	0.00367713247313236
119.971666666666	11.285427446711	0	0.00367156545188846
120.971666666666	11.2743052658034	0	0.00368948628563159
121.971666666666	11.2760036782154	0	0.0036819960129421
122.971666666666	11.2706742698029	0	0.00369305824358261
123.971666666666	11.2634918383012	0	0.00371367303097112
124.974444444444	11.2601664223077	0	0.00364981877410176
125.974444444444	11.257146370598	0	0.00365961826806472
126.974444444444	11.2553327983016	0	0.00365679057070034
127.974444444444	11.2435102005248	0	0.00367972548721829
128.974444444444	11.2493491662859	0	0.00367360884239079
129.974444444444	11.2390542487436	0	0.00369099062372605
130.974444444444	11.2387872588817	0	0.00369352838033903
131.974444444444	11.2342890238253	0	0.00369831464756909
132.974444444444	11.2293111081343	0	0.00370898882820291
133.974444444444	11.2209702757453	0	0.00372690485563777
134.974444444444	11.2230516590912	0	0.00372205548681246
135.974444444444	11.2136174052035	0	0.00373718352530786
136.974444444444	11.2156697107241	0	0.00373338502585973
137.974444444444	11.203519801352	0	0.00376168953361776
138.974444444444	11.2074785275736	0	0.0037506684364965
139.974444444444	11.2025641517341	0	0.00375912120046591