13343	61409.15412
13403	60450.15941
13463	58088.28517
13523	58784.84941
13583	58029.77886
13643	57812.71198
13703	58998.10066
13763	57038.98725
13823	56809.62556
13883	57094.9498
13943	57311.59273
14003	56272.89377
14063	56584.50346
14123	56083.80817
14183	57430.30118
14243	54206.94275
14303	55202.39791
14363	54251.45842
14423	55204.94166
14483	55486.87424
14543	55008.2248
14603	54268.41677
14663	54816.17148
14723	54458.35029
14783	53111.85728
14843	53118.21666
14903	53240.74074
14963	52903.26957
15023	51620.79433
15083	53083.45204
15143	51636.90476
15203	51432.13268
15263	52484.39832
15323	53039.36033
15383	52237.23036
15443	50763.54972
15503	51921.80505
15563	50077.58445
15623	51070.0719
15683	50161.10433
15743	51232.02415
15803	49883.41134
15863	49498.45679
15923	50022.89377
15983	49521.77452
16043	49124.94912
16103	49070.6824
16163	49883.41134
16223	48610.68715
16283	49517.11098
16343	49476.41093
16403	48250.74617
16463	48037.49491
16523	48686.99973
16583	49269.0951
16643	49155.47416
16703	48753.13729
16763	48056.1491
16823	48790.02171
16883	47466.42247
16943	46754.59571
17003	47314.22127
17063	47453.7037
17123	46091.52422
17183	47335.41921
17243	46131.37634
17303	46800.80722
17363	46817.76557
17423	46262.80355
17483	46058.03147
17543	46775.79365
17603	45875.30525
17663	45417.85375
17723	44975.66477
17783	46763.49885
17843	46018.60331
17903	46069.90232
17963	45255.05359
18023	45222.40876
18083	44927.33347
18143	44181.16606
18203	45087.16592
18263	44998.13458
18323	44578.41541
18383	45932.96364
18443	44786.57916
18503	44139.6181
18563	44982.44811
18623	45091.82947
18683	44737.8239
18743	44418.58296
18803	43640.19468
18863	43326.88916
18923	42120.59931
18983	43928.06268
19043	43904.74495
19103	43808.50631
19163	44625.05088
19223	44831.94275
19283	43379.03609
19343	42191.73959
19403	43405.32153
19463	43041.14096
19523	43298.05996
19583	42507.37688
19643	43718.20309
19703	41970.6027
19763	41578.52564
19823	41688.62773
19883	42220.52639
19943	41277.26055
20003	42531.96649
20063	41956.48487
20123	42468.37268
20183	41704.01743
20243	41973.57041
20303	41289.13139
20363	42136.54016
20423	41456.5951
20483	40885.0987
20543	41176.90951
20603	40695.80111
20663	41659.03541
20723	41565.80688
20783	40603.29331
20843	41750.82248
20903	41369.59877
20963	40752.65398
21023	40895.69767
21083	40951.66022
21143	39764.44851
21203	40575.73599
21263	39776.06498
21323	39793.78646
21383	39997.54104
21443	39611.4418
21503	39839.99796
21563	40477.46235
21623	40934.95625
21683	39957.8161
21743	39246.83727
21803	39899.77615
21863	40131.85117
21923	40017.4671
21983	39581.04396
22043	38893.46764
22103	39087.85273
22163	38773.23294
22223	39206.05244
22283	39270.66375
22343	38826.52456
22403	38560.36325
22463	37832.72283
22523	38893.80681
22583	38854.845
22643	38793.07421
22703	37240.57964
22763	38767.76387
22823	38464.80294
22883	38319.59707
22943	38610.13601
23003	39117.0211
23063	38017.44166
23123	38480.99817
23183	37519.62929
23243	38656.4747
23303	37294.38
23363	36875.46635
23423	37917.00583
23483	37408.63689
23543	37062.98331
23603	37522.6394
23663	36877.11979
23723	37479.86196
23783	37010.79399
23843	37279.9654
23903	36759.25926
23963	36285.78212
24023	36174.40815
24083	37114.5367
24143	36414.79277
24203	36305.36901
24263	35967.47388
24323	36027.88801
24383	36238.42593
24443	36373.28721
24503	35441.46825
24563	35607.5329
24623	36929.81787
24683	35347.77337
24743	35645.73158
24803	35747.52408
24863	34218.55922
24923	36066.63784
24983	34600.80043
25043	35235.08513
25103	35352.09775
25163	36113.06132
25223	35416.92104
25283	34879.04457
25343	35650.90388
25403	35867.25003
25463	34904.77886
25523	34621.53202
25583	34326.79589
25643	34442.79101
25703	35000.50875
25763	33990.46941
25823	34041.8956
25883	34855.17569
25943	35041.75994
26003	34606.2695
26063	34556.87831
26123	34596.73043
26183	33991.40212
26243	33921.49132
26303	32975.9361
26363	34442.8758
26423	33957.35823
26483	33870.99783
26543	33948.11593
26603	33014.17718
26663	33262.61701
26723	33843.69489
26783	32606.96479
26843	33627.17915
26903	33051.18878
26963	33742.75031
27023	33427.49457
27083	33545.90625
27143	33340.37105
27203	33232.00719
27263	31808.82004
27323	33292.97246
27383	32202.04179
27443	32438.94994
27503	32567.28225
27563	32735.89065
27623	32757.42776
27683	31612.8239
27743	31979.71781
27803	31768.67114
27863	31738.99403
27923	31928.16443
27983	33279.44818
28043	32582.67196
28103	32415.16585
28163	32341.05786
28223	31515.14381
28283	31909.38306
28343	31875.72073
28403	31246.43875
28463	31439.25519
28523	30912.65602
28583	31357.09198
28643	31016.6107
28703	30598.07862
28763	31610.57692
28823	30852.87783
28883	31050.44261
28943	30295.49925
29003	31368.75085
29063	30765.37274
29123	30319.79209
29183	30268.62027
29243	30953.01689
29303	31150.20011
29363	30370.96391
29423	30560.04952
29483	31005.54538
29543	31239.52822
29603	30867.71639
29663	30926.98582
29723	30510.14957
29783	30934.36271
29843	29812.52544
29903	30864.57909
29963	29816.0019
30023	29951.28714
30083	30432.69231
30143	31082.83306
30203	29482.00719
30263	29530.59286
30323	29846.99328
30383	28997.93108
30443	28756.95292
30503	30384.74257
30563	30443.67284
30623	28841.4903
30683	29713.53107
30743	28724.85925
30803	29824.14191
30863	29622.50712
30923	28712.73403
30983	28838.26821
31043	28142.38231
31103	29496.20981
31163	28648.63146
31223	28584.35931
31283	28610.68715
31343	29013.99912
31403	28021.42688
31463	28392.39079
31523	27686.41467
31583	28754.28198
31643	28332.6974
31703	27068.36759
31763	27622.52408
31823	27818.56261
31883	28382.21578
31943	27620.06512
32003	28080.18756
32063	27232.31244
32123	28344.22907
32183	27829.41595
32243	27371.96446
32303	28015.06749
32363	27972.41724
32423	27885.67528
32483	28094.77174
32543	27536.75722
32603	28126.90781
32663	27375.27133
32723	26617.40266
32783	27408.42491
32843	27870.92152
32903	27403.3374
32963	27411.47741
33023	27663.56329
33083	28012.82051
33143	28029.94845
33203	27297.30532
33263	26137.9477
33323	26428.02028
33383	26575.47314
33443	26495.98087
33503	26731.48996
33563	26775.3273
33623	26711.73348
33683	27145.27371
33743	26015.25404
33803	26611.38244
33863	26466.60053
33923	25356.08296
33983	25776.52286
34043	26195.22453
34103	25706.95123
34163	26323.09049
34223	26453.28822
34283	26210.40225
34343	25643.86616
34403	26197.04755
34463	25446.21659
34523	25642.93346
34583	25544.8294
34643	24093.91534
34703	26117.85206
34763	25212.7425
34823	24675.88353
34883	25589.76903
34943	25198.53989
35003	25250.43244
35063	25895.78246
35123	24946.24203
35183	24680.20791
35243	25452.66077
35303	24481.11688
35363	24050.1204
35423	24577.18593
35483	25097.12895
35543	24754.65507
35603	25236.31461
35663	24753.89194
35723	24677.2402
35783	24919.06627
35843	24879.00217
35903	24145.17196
35963	24332.64652
36023	24280.4148
36083	23975.20689
36143	24688.47511
36203	24398.06336
36263	24787.42708
36323	25100.98698
36383	23592.41453
36443	23642.61125
36503	23872.99044
36563	23920.85538
36623	24116.89391
36683	23574.77785
36743	23765.77127
36803	23321.54728
36863	23722.86664
36923	23616.19862
36983	24168.32011
37043	22867.69943
37103	23518.39133
37163	23430.54708
37223	23654.56688
37283	22891.35633
37343	23370.6841
37403	22978.18308
37463	23266.94139
37523	23532.84832
37583	23124.32167
37643	22954.01743
37703	23126.65344
37763	23088.28517
37823	22737.96805
37883	22676.53643
37943	23566.08669
38003	23547.55969
38063	23127.035
38123	23466.92274
38183	22980.34527
38243	22104.10731
38303	22500.59354
38363	23071.24203
38423	22232.56682
38483	22547.05942
38543	22584.62217
38603	24036.97768
38663	22159.47633
38723	22045.43142
38783	21313.33944
38843	22258.64028
38903	22402.19271
38963	22724.95252
39023	22447.93786
39083	22429.79243
39143	22041.70058
39203	22550.49349
39263	21585.39377
39323	22505.93542
39383	21479.44648
39443	21243.13187
39503	21067.35857
39563	22631.00326
39623	20978.75119
39683	20996.17589
39743	21196.03005
39803	21931.85287
39863	21903.91399
39923	21865.37614
39983	21233.38082
40043	20436.29596
40103	20727.81
40163	21847.90904
40223	20269.68017
40283	21678.07116
40343	21371.80335
40403	21388.54972
40463	21884.53907
40523	21531.59341
40583	21516.07652
40643	20932.07333
40703	21512.0913
40763	20623.04979
40823	20557.80254
40883	20696.39465
40943	20662.73233
41003	20720.13635
41063	20872.97348
41123	20885.56505
41183	19687.33042
41243	19834.5289
41303	20667.1839
41363	20919.69373
41423	19252.6879
41483	19958.49444
41543	20553.77493
41603	20512.9053
41663	20140.8815
41723	20381.22371
41783	20673.03453
41843	19997.24427
41903	19990.24895
41963	19994.61572
42023	20968.66097
42083	19298.05149
42143	19928.47816
42203	19920.46534
42263	19734.47463
42323	20104.29385
42383	19930.38597
42443	18658.80647
42503	19541.40381
42563	19531.77995
42623	19088.40388
42683	18972.57835
42743	19262.60853
42803	19625.30525
42863	19990.37614
42923	19049.56926
42983	19605.42158
43043	19919.70221
43103	18712.64923
43163	19817.23138
43223	18653.67657
43283	18587.70859
43343	18961.25865
43403	18994.03066
43463	19451.43976
43523	18517.79779
43583	18935.14279
43643	18843.10134
43703	18573.1668
43763	18409.81549
43823	19032.10216
43883	19083.48596
43943	18945.02103
44003	18630.52842
44063	17839.67576
44123	18601.91121
44183	19724.97795
44243	18783.9167
44303	18908.09422
44363	18211.3604
44423	18433.51479
44483	18656.89866
44543	17898.30925
44603	18080.48433
44663	18121.26916
44723	17622.52408
44783	18147.46981
44843	16860.24624
44903	18180.07224
44963	18217.25343
45023	18299.7558
45083	17351.02089
45143	17795.79602
45203	17317.52815
45263	18310.56675
45323	17929.30064
45383	17296.37261
45443	17286.28239
45503	17636.13316
45563	18180.4962
45623	17258.55549
45683	17363.35809
45743	17269.57842
45803	16279.59232
45863	16925.83265
45923	17669.20194
45983	17456.50183
46043	17753.73932
46103	17255.41819
46163	17349.57943
46223	17400.36969
46283	18161.20608
46343	17114.36711
46403	17436.15181
46463	16109.79684
46523	17089.43834
46583	16439.93352
46643	16453.62739
46703	17376.11925
46763	16672.13573
46823	16353.06437
46883	17651.43807
46943	16764.55874
47003	17153.20174
47063	16651.02259
47123	16783.00095
47183	16460.32594
47243	16613.58703
47303	17400.75125
47363	17232.22765
47423	16615.79162
47483	16184.32879
47543	16464.73511
47603	16117.93685
47663	16069.0544
47723	15645.13804
47783	16295.44838
47843	16257.58886
47903	15488.2309
47963	15556.36108
48023	16172.03398
48083	15543.8119
48143	16234.18634
48203	15919.39696
48263	15373.33808
48323	15403.14238
48383	16030.34697
48443	16170.97409
48503	16499.88129
48563	16797.71232
48623	15887.64245
48683	16549.35728
48743	15552.33347
48803	15656.11857
48863	15676.34141
48923	15919.52415
48983	15008.69115
49043	14877.98467
49103	15710.68206
49163	15848.0871
49223	15866.10535
49283	15136.59951
49343	15582.47694
49403	15129.73138
49463	16010.37851
49523	15333.1044
49583	15339.46378
49643	14597.74793
49703	15741.46147
49763	15153.68505
49823	15735.44126
49883	14606.3119
49943	15407.21239
50003	15427.90157
50063	15139.22806
50123	14972.61226
50183	14619.28504
50243	14591.17657
50303	15254.54484
50363	15276.08194
50423	14886.71822
50483	14553.40185
50543	15133.29263
50603	14561.0331
50663	14862.34059
50723	14240.13872
50783	14384.92063
50843	13882.40232
50903	15168.31163
50963	15130.96086
51023	14485.31407
51083	14403.36284
51143	14698.65012
51203	14947.17474
51263	14652.77778
51323	14962.69163
51383	14623.10066
51443	14545.38902
51503	14687.20323
51563	15002.11979
51623	13695.35172
51683	14573.79426
51743	14687.96635
51803	14828.08472
51863	13698.23464
51923	13877.73877
51983	13646.34208
52043	13446.61511
52103	14240.47789
52163	13780.56743
52223	14257.18186
52283	13835.72446
52343	14573.24311
52403	14270.53656
52463	13630.14686
52523	13592.7537
52583	14090.90524
52643	13310.86352
52703	12648.34317
52763	13558.11627
52823	13613.78205
52883	14152.84561
52943	13959.81719
53003	13750.67833
53063	13027.3199
53123	13470.95035
53183	13228.14917
53243	14179.30064
53303	13424.65405
53363	12998.5331
53423	13342.44845
53483	13815.41684
53543	12994.25112
53603	13196.73382
53663	13165.19129
53723	13673.00909
53783	13336.7674
53843	13615.01153
53903	13458.57075
53963	12872.02381
54023	12706.17114
54083	13254.477
54143	13905.72005
54203	13903.04911
54263	13404.89757
54323	12758.91161
54383	13156.8393
54443	13572.1917
54503	13107.06654
54563	12916.45469
54623	12473.20581
54683	12456.41704
54743	12551.89255
54803	12348.64672
54863	12420.21096
54923	12277.67603
54983	12856.29494
55043	12987.63736
55103	12660.76516
55163	12296.88136
55223	12830.9846
55283	12875.2035
55343	12438.52598
55403	12578.05081
55463	12065.61186
55523	12704.09375
55583	12662.29141
55643	12051.40924
55703	11741.11382
55763	12877.15371
55823	11945.63153
55883	12326.38889
55943	12020.88421
56003	12312.31346
56063	11740.52028
56123	11927.61328
56183	12184.82906
56243	12221.54389
56303	11609.89859
56363	12024.86942
56423	12275.51384
56483	11706.13723
56543	12220.01764
56603	12441.66327
56663	11755.90999
56723	12523.48732
56783	11800.93441
56843	11905.35545
56903	12080.70479
56963	11806.53066
57023	12275.9378
57083	11962.67467
57143	12151.16673
57203	11266.02564
57263	12125.89879
57323	11976.02937
57383	11658.27228
57443	12339.57401
57503	11810.51587
57563	11623.21089
57623	11785.84147
57683	10669.04931
57743	11463.71761
57803	11612.35755
57863	11950.0407
57923	11848.62977
57983	11458.46052
58043	11368.32689
58103	11162.49491
58163	11105.13329
58223	10743.36929
58283	11743.82716
58343	11786.43502
58403	11437.093
58463	11106.53236
58523	11613.96859
58583	11575.55793
58643	11159.27283
58703	11204.21245
58763	11334.49498
58823	11104.0734
58883	10819.2579
58943	11536.97768
59003	11243.76781
59063	10518.0776
59123	10799.33184
59183	10882.04619
59243	11092.7113
59303	11636.26882
59363	10931.3102
59423	10211.97938
59483	11140.0251
59543	10585.10548
59603	11316.17996
59663	10967.94024
59723	9882.648216
59783	11050.78178
59843	11356.58323
59903	10340.2269
59963	11373.83835
60023	10217.99959
60083	10571.19963
60143	10306.14062
60203	10996.93902
60263	10136.59951
60323	10671.38109
60383	10219.31387
60443	10528.3374
60503	10521.29969
60563	10106.88
60623	10455.03493
60683	10782.92464
60743	10724.07916
60803	10601.51268
60863	9749.737146
60923	10805.43685
60983	10459.02015
61043	10328.9072
61103	9957.604124
61163	10421.4574
61223	10092.33822
61283	10446.72534
61343	10272.94465
61403	10229.2769
61463	10033.36555
61523	10199.98135
61583	9927.163885
61643	9598.299077
61703	9452.330077
61763	10394.40883
61823	10246.99837
61883	10243.05556
61943	10305.75906
62003	9933.141704
62063	10277.05705
62123	9803.579908
62183	10039.42816
62243	10067.96059
62303	9817.824922
62363	10312.03365
62423	10424.5523
62483	9010.013906
62543	9553.952991
62603	9936.872541
62663	9875.144146
62723	9536.358703
62783	9679.148012
62843	10228.08981
62903	9706.323769
62963	9373.897707
63023	9596.815222
63083	9537.969746
63143	9782.805929
63203	9263.583639
63263	9207.197124
63323	9081.959707
63383	9850.469746
63443	9564.170398
63503	9231.489961
63563	9059.065934
63623	10194.04592
63683	9513.507326
63743	9763.727785
63803	9695.851988
63863	8922.042464
63923	9242.470492
63983	9132.114028
64043	8925.900488
64103	8809.227038
64163	9525.250984
64223	9018.577873
64283	9028.922466
64343	9161.960724
64403	9103.581604
64463	9440.756003
64523	9116.46995
64583	8433.557184
64643	8915.555895
64703	8803.24922
64763	9007.003799
64823	9616.529304
64883	9153.396758
64943	9066.442816
65003	9107.01567
65063	9035.578619
65123	8615.308303
65183	8660.968661
65243	9186.635124
65303	8578.381495
65363	9396.409917
65423	8945.741758
65483	8859.974902
65543	8782.305657
65603	8090.532153
65663	8567.400963
65723	8920.049858
65783	8904.320988
65843	8102.614978
65903	8690.349003
65963	8760.810948
66023	8983.050129
66083	8563.882106
66143	9279.482092
66203	8637.396554
66263	8491.46995
66323	8741.351241
66383	8443.944173
66443	7995.099037
66503	8591.397029
66563	9312.678063
66623	8994.454619
66683	7943.036901
66743	8159.467847
66803	8147.936169
66863	8311.669041
66923	8444.113757
66983	8081.289852
67043	8714.684236
67103	8663.088455
67163	8402.523403
67223	8598.392348
67283	8338.675214
67343	8355.252001
67403	7950.837743
67463	8263.846493
67523	7664.495998
67583	8813.763397
67643	7838.276692
67703	8135.132614
67763	7792.743522
67823	7836.877629
67883	8407.059761
67943	8415.835708
68003	7965.888278
68063	8118.93739
68123	8348.426265
68183	7998.829874
68243	8188.254647
68303	7134.589947
68363	7528.150861
68423	8068.062339
68483	7817.12115
68543	8371.362434
68603	7567.112671
68663	8412.571225
68723	7642.238163
68783	7659.578076
68843	7818.393027
68903	8164.68254
68963	8552.647198
69023	8353.852937
69083	8153.278049
69143	7855.489418
69203	7625.322209
69263	7826.999389
69323	7866.936304
69383	7860.788902
69443	7930.657306
69503	7571.776218
69563	7798.043006
69623	8265.457536
69683	7477.021435
69743	7700.871659
69803	7232.482024
69863	7831.323769
69923	7976.14808
69983	7396.511667
70043	7547.949735
70103	7839.675756
70163	7711.894587
70223	7384.471239
70283	7632.995862
70343	7223.748474
