14483	14.1886934921517	0	0.000870396254346404
15683	14.1540449525896	0	0.000882207443206524
16883	14.1147110381245	0	0.000897692729726123
18083	14.0762427220495	0	0.000914167719665917
19283	14.036355469429	0	0.000931859549525711
20483	13.996698138717	0	0.000950568978175265
21683	13.9559505312941	0	0.000969742261770278
22883	13.9177602399927	0	0.000988462163479768
24083	13.8762010599635	0	0.00100905352117978
25283	13.8364302082168	0	0.00103017216052647
26483	13.7963838022155	0	0.00105085851455831
27683	13.7529530067429	0	0.00107489255971359
28883	13.7140048252969	0	0.0010962526951463
30083	13.676212857812	0	0.0011172432580931
31283	13.6345928153619	0	0.00114100351825755
32483	13.5921332293263	0	0.00116673272377418
33683	13.5532973820823	0	0.0011894073805448
34883	13.5135388735821	0	0.00121423963189736
36083	13.4710746956836	0	0.00124083570884254
37283	13.429119870898	0	0.00126754770016409
38483	13.3907097135494	0	0.00129233827802416
39683	13.3478673407529	0	0.00132168938364856
40883	13.3062803275479	0	0.00135023911820793
42083	13.2687053628656	0	0.00137620681552741
43283	13.2264711086554	0	0.00140674764805537
44483	13.1845096644302	0	0.00143717707998549
45683	13.1399124870437	0	0.00147190145661214
46883	13.1035250450263	0	0.00149867425902187
48083	13.0593149455321	0	0.00153478652633193
49283	13.021244962412	0	0.00156424356015428
50483	12.9835334006143	0	0.0015942741987371
51683	12.9424565029171	0	0.00162903125404023
52883	12.896834483421	0	0.00166986344966884
54083	12.8583535597565	0	0.00170363531718852
55283	12.813258806373	0	0.00174354859801881
56483	12.7782463940271	0	0.00177619962587078
57683	12.7375711060855	0	0.00181396490114489
58883	12.6912942665159	0	0.00185952595665837
60083	12.6538722038207	0	0.0018940132215878
61283	12.6152176412059	0	0.00193595278739049
62483	12.5731052630893	0	0.00197889770652848
63683	12.5317763952713	0	0.00202115515828463
64883	12.4879604636656	0	0.00207036277090893
66083	12.4453454187743	0	0.00211720229075237
67283	12.4062955134598	0	0.00216149958049399
68483	12.3656073767342	0	0.00221144279667339
69683	12.3253567762017	0	0.00225764851023795
70883	12.283496542495	0	0.00230733456732994
72083	12.2426215232773	0	0.00235679336691653
73283	12.203744938521	0	0.00241121607737991
74483	12.1589862790727	0	0.00247039585746406
75683	12.1200026434899	0	0.00252246248079082
76883	12.0778130468348	0	0.00258018473781441
78083	12.0335746788849	0	0.00264133276296402
79283	11.9967703604044	0	0.00269546939530296
80483	11.9518317965971	0	0.00276610079883431
81683	11.9179304672459	0	0.00281697580887208
82883	11.8733513652681	0	0.00288346095373586
84083	11.82916583933	0	0.00296306014752617
85283	11.7930087395467	0	0.00301790302590611
86483	11.7420828966012	0	0.00310757510695485
87683	11.7051725998358	0	0.00316901408450704
88883	11.6674732088143	0	0.00323656319347459
90083	11.6238315753537	0	0.00332033760259199
91283	11.5808270745808	0	0.00339900584904603
92483	11.5490452212766	0	0.00345991435019966
93683	11.5014185132111	0	0.00355515452289646
94883	11.4589095201631	0	0.00365794576200343
96083	11.4247410365884	0	0.00378239434158446
97283	11.3792020539113	0	0.0039230503685279
98483	11.3455878855808	0	0.00400948559782673
99683	11.3059135955833	0	0.00411740322997257
100902	11.2566425714249	0	0.0013080112621023
102102	11.2089391985619	0	0.00422699902828543
103302	11.1780511509903	0	0.00430259928322626
104502	11.1333503011452	0	0.00441666471778201
105702	11.0850997106234	0	0.00455317712927101
106902	11.0548393393348	0	0.00463262044006811
108102	11.0159780912369	0	0.00473701685610263
109302	10.9718296192971	0	0.00485650478431911
110502	10.9228221186327	0	0.00502823533656882
111702	10.8891979981205	0	0.00510886418891561
112902	10.8463812662048	0	0.00524818882916569
114102	10.7902320620896	0	0.00545903432534819
115302	10.7534183722133	0	0.00557441060746275
116502	10.7341092787642	0	0.00562119102558236
117702	10.6796445729376	0	0.00584534571500227
118902	10.6328822807699	0	0.00600771521222861
120102	10.6057802847558	0	0.00610535703226606
121302	10.5536019632787	0	0.0063326042928133
122502	10.5080685115983	0	0.00652627582307421
123702	10.4805362153424	0	0.00661751203829793
124902	10.4413863676991	0	0.00677655110794467
126102	10.4040900982568	0	0.0069819332430147
127302	10.3542382783598	0	0.00720061930945721
128502	10.3120013420223	0	0.00744769304390594
129702	10.2611515072424	0	0.00765445092081385
130902	10.2302376822591	0	0.00783876865819662
132102	10.193459501219	0	0.00802007647468179
133302	10.134996020182	0	0.00844069813566045
134502	10.1218155275524	0	0.00842515444193908
135702	10.0623058932938	0	0.00873238775727845
136902	10.0322413003698	0	0.00895837912450216
138102	9.99502699567658	0	0.00915317650064789
139302	9.94269384250847	0	0.00956864762472536
140502	9.91313090558336	0	0.0097586387901237
141702	9.85966104899557	0	0.0101676383316617
142902	9.84318537872775	0	0.0101979330415941
144102	9.77394248964531	0	0.0107746202311908
145302	9.75115189123243	0	0.0109188890182835
146502	9.68035650114379	0	0.0115511056111799
147702	9.66997164382808	0	0.011600831075662
148902	9.60199049105062	0	0.0122726473888416
150102	9.57433744359058	0	0.0125464362400717
151302	9.55312833661911	0	0.0125963360707517
152502	9.49194903857958	0	0.0132289513001222
153702	9.46744467321382	0	0.013537017275244
154902	9.40865010073036	0	0.0142697688913675
156102	9.38787549203618	0	0.0144335033116464
157302	9.33182322153906	0	0.0150315718625185
158502	9.28794935130317	0	0.0155372443786435
159702	9.25591585076747	0	0.0159096337769794
160902	9.21984505899043	0	0.0164104799167946
162102	9.19013358301768	0	0.0168172114988224
163302	9.13412865003029	0	0.0175422503291533
164502	9.10595382630001	0	0.0179642725921519
165702	9.09295900563988	0	0.0181002782132278
166902	9.00787284094923	0	0.0195346468098341
168102	8.97576295241118	0	0.0198953098033266
169302	8.88806823501608	0	0.0216342006429253
170502	8.86778104656332	0	0.0218198157337619
171702	8.86016000681578	0	0.0220175400000852
172902	8.83022717127092	0	0.0225212932738994
174102	8.7800680947163	0	0.0236582237995362
175302	8.7286333241165	0	0.0247262549212598
176502	8.72012750477936	0	0.024514119275881
177702	8.70094039815487	0	0.025020970082682
178902	8.6489036771957	0	0.0261475940104034
180102	8.54454762407185	0	0.0287968069496717
181302	8.50357893658373	0	0.0297774506882059
182502	8.55186511294752	0	0.0284427401282745
183702	8.51514108729011	0	0.0294084873991683
184902	8.49064590999041	0	0.030042657542293
186102	8.34442901699418	0	0.0343705725179952
187317	8.35628003080478	0	0.033489004728871
188517	8.34635504713074	0	0.0339485478517316
189717	8.25787049668229	0	0.036815652160389
190917	8.28037405409408	0	0.0357221967371828
192117	8.21167567549278	0	0.0381772723694319
193317	8.13584784892611	0	0.0408198646444354
194517	8.08247639390255	0	0.0427824319482028
195717	8.05246522137563	0	0.0446349390265253
196917	8.04708075625135	0	0.0439206185632997
198117	7.98939433384254	0	0.0465223037046832
199317	8.01622878562209	0	0.0446967221501586
200517	7.92406508638835	0	0.0490043358981969
201717	7.94614328235512	0	0.047682198919516
202917	7.962133508653	0	0.0469655318985851
204117	7.87032254230586	0	0.0516851829927322
205317	7.79763221788442	0	0.0547619340980684
206517	7.84091099416513	0	0.052717382754118
207717	7.76866437056013	0	0.056578207507684
208917	7.76493698993636	0	0.056027345523677
210117	7.5615689400264	0	0.0687429142007218
211317	7.45646033216703	0	0.0756315676974714
212517	7.58313046910661	0	0.0668368307740855
213717	7.58474767078538	0	0.0669371681191087
214917	7.52076016357646	0	0.0705190225193259
216117	7.42825000594169	0	0.0771947755606527
217317	7.37913296378102	0	0.0812526526026713
218517	7.55978875581217	0	0.0677484057850206
219717	7.46413153959628	0	0.0740096540811998
220917	7.16094683324806	0	0.0999177101690047
222117	7.56492807136926	0	0.0668392654444807
223317	7.17070398801324	0	0.0986407946123805
224517	7.2269796221938	0	0.0933593011932619
225717	7.5376644257375	0	0.0683579768194989
226917	7.41860690241013	0	0.075809228960047
228117	7.11034504094858	0	0.10464897882522
229317	7.10819503868977	0	0.104720362701933
230517	7.02901670247163	0	0.113086844063353
231717	7.05356844095957	0	0.109901640477796
232917	7.22378425457376	0	0.0930187289945832
234117	7.02854711698294	0	0.11068690789532
235317	6.95226008362448	0	0.120700901952157
236517	7.01598168405301	0	0.112417661312034
237717	7.02240452054222	0	0.111356421871099
238917	6.88523048996339	0	0.128128813053132
240117	6.86619655480989	0	0.131584406432654
241317	6.69863173643367	0	0.154438274610345
242517	7.08889280175105	0	0.103609270970649
243717	6.75724164374903	0	0.144626197013482
244917	7.04895097564891	0	0.107294751009421
246117	6.78947386915798	0	0.139471616733037
247317	6.43868241643865	0	0.199564565476628
248517	6.64222470704962	0	0.162478041833649
249717	6.60095018824765	0	0.167536022310592
250917	6.84871521359281	0	0.132582062208474
252117	6.60440848627621	0	0.165733270309328
253317	6.23293905510692	0	0.238876779577811