4909.78  226.714
4475.12  212.127
3830.82  200.856
3559.17  192.467
4043.96  189.17
3420.02  183.862
3106.91  179.462
3195.11  175.699
3236.51  172.26
3062.38  169.304
2875.38  167.171
2969.05  163.574
2877.96  161.288
2711.15  158.818
2613.51  155.621
2191.55  152.943
2369.83  150.097
2282.9  148.042
2334.1  146.255
2199.78  143.275
2207.07  140.935
2099.23  139.188
1754.54  136.673
1788.92  134.103
1735.75  131.619
1598.12  129.768
1720.15  128.984
1470.49  125.746
1520.42  124.138
1601.4  122.181
1218.35  120.641
1300.66  118.114
1059.14  116.443
1194.32  116.855
1239.28  114.553
1098.8  112.071
922.297  111.436
681.38  109.507
874.269  106.803
1166.03  106.643
742.674  106.995
840.717  103.166
759.815  103.121
877.636  101.279
809.42  99.577
853.246  97.3915
745.354  96.5429
885.145  96.3521
599.249  95.2292
667.832  93.464
590.22  92.305
728.569  91.9978
685.554  91.0568
465.871  89.0592
616.931  89.009
581.149  87.9553
280.718  86.6118
396.599  84.503
443.102  84.8121
328.434  82.1637
445.139  81.9133
499.528  80.7054
406.489  81.2745
424.139  78.4214
426.432  79.7317
240.382  78.1693
328.646  77.7012
348.562  77.6215
292.762  83.7707
322.785  85.8489
334.861  87.0161
198.31  87.7616
-138.199  53.8866
