45204.8  253.331
43601.5  243.431
42654.8  236.401
41160.3  229.586
39352.4  223.96
37834.4  218.689
36544.5  214.317
34822  208.777
33736.2  205.891
31981.2  200.365
30963.4  196.426
29671.3  192.13
28360.9  188.251
27327.4  184.816
26234.7  181.015
25100.1  177.292
24408.5  174.006
23282.3  169.612
22748.7  167.539
21447.7  163.705
20806.3  160.814
19870.8  157.459
19160.5  154.395
18349.3  151.006
17455.1  147.171
16976.3  145.084
16074.8  142.178
15686.8  139.69
15261.4  137.27
14655.2  134.511
13844.1  131.221
13408.1  128.775
12788.3  125.717
12105.6  122.875
11723.6  121.117
11057.6  117.417
10932  116.274
10267.6  113.755
10025  111.842
9668.81  109.258
8980.08  106.436
8857.14  104.987
8435  103.069
8159.15  100.566
7816.54  99.41
7669.16  97.8305
7057.52  94.7491
6917.65  93.2335
6618.14  90.6331
6367.63  89.6572
5999.75  86.5534
5777.18  85.1593
5813.75  84.7884
5317.97  81.829
5298.54  81.5225
5070.98  79.5568
4875.67  78.3487
4736.12  76.8272
4423.66  73.8225
4235.77  73.3122
4155.76  71.9234
3981.27  71.3176
3701.17  68.8635
3602.63  67.5366
3457.3  66.2896
3385.2  64.3142
3176.96  63.3124
2984.97  61.9611
2930.08  63.3737
2893.69  64.9273
2707.27  63.9315
2563.9  62.6215
-18.6558  29.7427
