216998  676.27
216739  657.458
214409  643.137
210714  632.456
208593  623.254
205837  614.554
201313  606.766
199237  600.513
195943  593.452
193282  586.238
189162  579.22
186880  573.377
183569  566.608
180541  560.549
177308  553.507
174600  549.126
172270  542.473
168075  535.699
166138  530.53
164696  526.189
160638  519.975
157308  513.637
156129  509.007
152733  503.44
151088  498.982
147387  493.302
144865  489.165
143680  483.813
140248  478.634
137952  473.456
135378  468.673
133284  463.663
131538  460.053
128918  455.84
126720  450.986
125137  447.123
123311  442.765
120174  436.882
118178  433.697
116048  428.895
114792  425.904
113086  422.235
110086  416.96
109777  415.102
107240  410.091
104804  406.652
103974  403.069
101760  399.152
99503.5  395.455
97521.5  392.215
96791.9  389.328
94922.2  384.965
93821  382.481
91839.8  378.349
90565.2  376.045
88843.7  372.864
87216.9  369.332
84775.8  364.495
84981  363.37
81906.7  358.98
81952.2  357.3
80006  354.002
79068.2  351.269
76814.2  346.687
75815  344.289
74284.3  341.266
73857.4  339.509
72384.3  337.45
71769.5  346.481
70196.9  348.029
69533.2  346.866
67138.6  344.57
644.325  144.807
