515.902  75.7744
603.763  75.2743
521.371  74.0061
413.481  74.1786
514.967  72.1196
338.807  71.5702
434.11  71.2153
468.631  70.3792
246.781  70.0262
403.641  70.0004
577.793  68.9916
382.262  70.4192
479.389  67.9086
307.866  66.3937
370.873  68.416
348.126  66.7359
283.591  65.5707
513.418  65.2678
354.389  65.9551
321.405  64.8925
249.261  65.4249
267.166  65.0797
218.347  63.0437
375.094  61.8448
343.454  61.8982
290.729  62.8205
271.097  61.4108
71.5472  62.4541
311.288  62.1267
228.059  59.918
314.156  59.2391
235.323  61.3136
220.537  60.3907
191.222  60.0518
133.196  59.002
211.156  59.0123
223.683  60.5493
284.693  57.8379
246.906  57.2589
118.177  58.4891
393.152  57.9399
116.007  57.9269
149.305  58.0097
257.728  56.0558
162.159  55.3533
22.4766  56.6078
270.147  56.273
234.865  55.3801
210.411  55.0845
101.207  55.1286
180.351  55.8328
87.7735  54.6113
139.202  55.5418
204.173  54.6259
169.669  55.4662
221.335  54.2143
110.154  54.3527
222.151  56.143
143.139  54.4678
114.653  54.6736
139.15  53.8658
138.085  54.0397
133.714  55.2056
57.5141  52.4503
-8.54241  54.2225
31.6682  52.6272
51.2939  52.8779
214.919  50.5678
104.359  52.5084
145.513  51.7401
3.30487  52.7661
138.805  52.0766
-165.38  53.6338
