226.429  73.8396
334.777  73.4659
312.588  72.5818
77.6281  71.8791
420.068  71.4586
120.908  70.0314
324.577  70.4421
310.094  69.2437
41.2956  68.5433
90.6907  67.7281
230.232  66.425
113.93  68.4874
299.946  66.5743
263.992  66.0624
57.6984  66.0876
9.13039  64.1458
146.871  64.5197
351.821  64.0178
37.9535  63.5109
51.5644  62.779
-36.5975  63.2025
-11.1146  62.9054
202.988  62.9217
229.108  60.653
59.6424  59.5615
5.9252  60.5113
230.714  61.0811
-87.1992  61.17
152.568  60.8359
76.4899  58.6396
72.1919  57.1604
58.7402  59.8563
103.305  59.4122
40.053  58.7797
-4.22644  57.8257
80.6276  57.8958
-105.793  57.7645
68.3613  55.9365
248.786  57.2753
30.7477  57.7368
123.993  55.5686
-20.3783  56.7375
-0.186661  56.7065
-14.6167  53.5715
134.477  55.1027
-40.3044  56.0505
26.4091  54.0639
106.83  54.2118
126.222  54.315
-42.2221  53.812
48.586  54.64
-22.3378  53.5937
-34.8815  53.9519
15.6656  52.8723
-18.1189  53.7468
14.0599  52.2677
-40.9186  52.9447
-79.2762  53.3911
74.3603  53.8327
-131.346  52.3756
14.5357  52.6964
61.3957  53.3254
-186.585  52.2241
162.774  53.4443
-175.035  52.6649
-74.8807  51.605
-84.5058  51.5779
139.519  49.8167
90.6855  52.378
148.789  51.7718
-149.442  51.2983
124.319  51.9373
-138.199  53.8866
