65816.6  324.725
65176  321.925
64071.5  319.569
63002.7  316.347
62014.9  313.718
60737.3  311.174
59638  308.97
58709.1  306.881
57222.4  303.565
56351.6  301.239
55459  300.031
55148.7  298.037
54295.7  295.576
52896.9  292.849
51987.5  290.865
51373.5  287.935
50824.8  287.895
49535  284.429
47993.7  282.059
48309.7  281.83
46996.2  279.377
45906.4  275.826
45265.6  274.081
44249.6  272.788
43742.1  270.406
43264.7  268.645
41822.4  266.327
41288.1  263.38
40977.5  263.819
40233.2  261.399
39568.1  260.186
39460.4  258.684
38461.4  257.302
37408.9  254.43
37081.6  252.581
35687  250.386
36000.8  250.144
34748.4  248.6
34379.5  246.899
33511.2  244.133
33462  243.231
32367.1  240.948
32545.2  241.044
31860.3  239.759
30935.9  237.305
30435.2  236.163
29752.2  233.965
29000.2  232.616
29146.9  231.559
28639.5  230.263
27850.8  229.448
27442.9  227.697
27107.7  226.441
26876.6  225.889
26495.3  222.799
25922.5  222.36
25631.7  221.726
24623.1  219.355
24450.3  218.88
24182.4  219.177
23379.3  217.401
22666.3  215.533
22933.8  214.611
22010.8  212.342
21774.6  212.206
21397.1  210.892
21255.4  207.507
21585.9  207.614
20523.1  206.997
20073.7  206.025
19680.3  204.762
19738.6  203.39
644.325  144.807
