134.453  49.7645
216.471  50.5055
54.9883  50.7142
93.4887  51.0585
-21.8213  51.0313
257.979  50.3053
65.2031  49.659
44.7738  50.6965
-77.1087  50.5862
84.6998  51.7829
8.01566  48.7254
0.123813  48.4292
165.876  48.81
98.3596  49.2511
9.87338  49.5446
59.1578  49.7212
44.3482  49.5513
128.467  48.3597
17.8807  49.5487
28.0183  47.6757
45.8047  48.3549
126.364  49.6861
-93.6012  47.5217
154.581  48.738
37.9455  47.1467
163.807  47.5336
63.861  47.8134
66.8425  47.2502
-25.8975  46.5768
24.5755  49.0694
110.209  47.2233
4.67256  47.2542
33.4467  46.8095
-25.8504  47.6509
-75.4763  47.8201
93.994  47.9357
-10.7452  47.2355
7.95047  46.0984
4.51687  46.2015
-2.11276  46.631
33.9176  46.4248
-46.1496  46.8715
17.3959  45.4794
9.72055  46.4318
-37.3464  47.3479
31.1336  46.2687
95.6989  43.95
14.4501  47.0256
-76.2377  46.1491
3.60592  45.4115
-66.2708  44.9586
68.4845  45.318
-66.2661  45.4859
-1.60248  46.0003
103.151  44.8707
20.3046  44.5434
-165.38  53.6338
