176.376  17.1821
136.063  15.2626
120.138  14.8921
52.1842  12.614
159.686  15.7284
92.1436  13.3078
109.506  13.059
119.971  13.1597
74.5965  12.734
69.9947  11.3469
77.2591  11.681
61.8348  13.455
90.3525  14.3188
54.9609  13.2792
109.955  10.3939
133.576  14.0305
41.366  11.5954
117.897  11.3834
54.1328  12.9616
16.1589  8.55139
51.2438  12.6342
36.5231  11.9079
51.0783  11.4482
-11.1942  10.9066
29.9358  8.16344
3.83566  10.0423
58.4295  10.7388
29.3293  11.0175
30.1121  11.1258
90.9727  10.6598
-15.2166  8.07926
59.0164  11.4876
103.995  12.87
44.6567  10.4484
45.8058  10.1234
52.5409  10.856
40.0778  9.24249
65.1356  -nan
31.9976  9.19088
-21.3676  7.86923
50.9059  8.65111
46.9464  3.87262
40.5599  10.8543
-13.8262  7.77015
55.5671  4.31929
24.6185  5.67617
-24.4951  3.23257
18.4727  8.82418
23.9442  7.72042
11.6582  9.83986
-18.0953  4.25386
17.9184  6.46034
22.4478  6.86681
49.2031  7.78568
7.44296  7.03701
22.0541  6.21436
-18.6558  29.7427
