19546.9  203.781
18513.7  201.241
18455.6  200.145
18425.9  199.34
17663.6  197.996
17802.5  196.804
17095.2  195.592
17143  195.365
16163.3  192.24
16350.8  194.003
15982.5  192.117
15757  190.469
15563.4  190.434
15032.6  189.41
15084.3  188.579
14802.1  187.79
14269.7  185.268
14423.2  186.059
14091.2  183.618
14166.9  184.113
13289.6  182.469
13531.3  182.029
12787.5  181.574
12850  179.983
13081.9  181.215
12710.8  179.86
12213.4  177.389
11804.6  177.528
11506.8  176.182
12027.4  175.982
11466.7  176.164
11436.5  174.543
11134.6  173.945
10815.4  172.292
10326.2  171.559
10487  172
10267.6  171.326
10172.4  170.319
9718.12  170.169
9811.73  169.181
9177.57  167.484
9399.05  168.402
9607.41  167.259
9028.66  166.679
8759.86  166.609
8832.81  164.451
8804.81  164.869
8598.07  163.819
8149.82  162.647
8093.9  164.096
7503.32  162.583
8066.81  163.837
7468.28  161.083
7640.03  161.504
7472.65  161.347
7526.86  158.804
644.325  144.807
