22.5311  8.23827
1.92109  6.44178
46.1141  4.78274
19.8122  9.19746
87.5621  -nan
11.137  9.25192
71.421  10.7909
7.41514  5.73078
21.5433  7.34829
23.7674  5.22791
-6.50962  2.55139
28.5271  4.20406
13.53  7.14046
25.5441  11.0304
42.1793  2.33441
15.9202  4.92083
-189.703  -nan
27.9171  9.5551
23.0229  6.61805
-0.203191  4.49702
14.2166  5.26534
2.77609  8.30869
26.5306  7.53769
68.1625  4.07027
17.326  6.24792
15.1534  8.30449
61.9157  5.20896
14.3492  3.50855
10.9211  8.18247
-29.3957  7.65012
-17.1887  8.12323
-10.9728  6.66451
-26.294  5.12777
28.4778  5.30236
19.0647  5.07635
83.0128  6.51148
-9.73906  8.46274
-19.604  4.42764
-7.53674  9.11173
56.192  -nan
-33.1061  6.42243
-30.1938  5.49489
5.95497  7.07025
-23.9801  -nan
76.5531  7.41824
60.5942  7.6698
-15.8409  8.55321
24.4791  5.85753
31.3236  5.122
25.9595  4.14477
-19.2845  7.6082
1.73708  4.51388
40.2138  9.24621
-15.3766  7.56253
9.4532  -nan
0.173782  6.40712
63.0027  -nan
49.0988  7.75838
9.64287  7.54955
-15.7233  4.16887
-38.6634  -nan
5.21675  6.25957
-14.8943  6.71192
39.8096  6.08242
2.99081  6.25714
-15.1428  3.89137
-9.26416  3.04371
41.6884  -nan
3.82925  5.09123
-6.82224  2.61194
19.87  4.66073
68.4586  -nan
-18.6558  29.7427
