7325.7  159.061
6876.6  158.15
6975.36  157.466
6782.01  157.248
6827.16  156.822
6740.98  156.279
6453.65  155.83
6442.97  155.665
6398.71  155.221
6241.33  153.74
6108.48  152.678
6047.56  152.883
5816.71  153.356
6241.26  152.309
5466.04  152.347
5619.95  151.434
5136.78  149.207
5659.27  149.543
4865.04  150.547
5357.39  148.676
5317.18  149.304
4874.58  148.293
5195.09  148.477
5031.42  148.46
4651.27  147.975
4473.64  146.941
4676.29  146.814
4663.94  146.188
4259.15  146.82
4456.4  145.582
4222.67  144.803
4483.36  144.629
4235.92  145.09
4473.75  143.275
4038.02  144.045
4166.74  142.058
3875.66  142.668
4054.29  144.447
3507.28  142.913
3833.6  141.877
3742.45  141.529
3588.55  142.578
3755.69  141.817
3731.98  140.093
3624.98  140.85
3312.79  140.382
3160.48  139.195
3075.75  138.705
2927.14  139.637
3082.44  137.245
2987.01  139.775
2997.84  138.993
3073.75  137.671
3126.19  137.053
2720.14  135.894
2855.89  137.26
2879.45  137.04
2451.93  136.763
2578.22  135.688
2762.01  135.214
2584.72  136.049
2530.9  135.805
2574.85  133.851
2222  136.438
2584.73  135.375
2478.02  133.913
2194.41  134.239
2058.83  134.557
2389.8  133.903
1978.29  132.268
2188.05  133.698
1993.29  129.991
644.325  144.807
