77.0341  39.8102
60.4248  41.5953
-89.8803  43.2571
-44.6926  42.7017
-7.79399  40.8602
-73.912  41.2264
-64.9018  40.469
-106.575  40.4723
-64.1893  41.1291
26.1475  40.6544
108.038  39.6103
-31.7968  39.9676
-5.07194  40.6055
-97.7729  40.7968
53.4411  41.0229
40.8716  40.463
-181.674  40.2406
-102.112  41.5507
-100.001  41.9908
119.535  40.4589
-18.8263  40.5955
24.8819  41.6527
97.0471  41.5273
7.66214  41.7687
56.9623  41.2597
-53.3845  40.052
-18.838  40.6019
-78.1343  40.8187
9.89337  41.6863
5.53831  40.3177
41.7228  41.1273
9.32505  40.9586
-39.1706  39.6835
-88.3792  39.334
69.4964  40.1851
-85.9026  41.1142
-2.17461  39.4941
85.9876  40.6311
-87.8998  39.4476
63.6807  39.8074
55.4693  39.2474
45.2514  41.8632
-89.18  38.3912
-141.69  40.216
-12.2739  39.7117
-141.696  39.6452
-6.65221  39.7359
19.4658  38.9447
-2.75649  38.6382
44.6814  38.4944
126.966  40.7339
53.5954  39.892
-50.2695  40.6108
-102.045  40.6447
66.6723  38.6741
-44.7293  38.378
25.7003  40.4343
-60.1047  39.6723
-19.4578  39.5693
-33.7207  40.5422
-47.553  39.0443
-38.4147  37.0916
-96.2328  38.1387
6.77969  39.7259
67.5539  39.3514
-119.194  40.0393
36.8623  38.928
-69.1354  38.2929
93.3227  39.8416
-30.4641  37.6225
13.4747  38.7323
-56.9779  39.249
-5.57553  38.9652
-57.6889  37.9663
59.7559  39.007
-105.399  39.7299
30.2594  39.7844
-2.23247  39.9437
17.7156  39.3053
10.2733  39.6606
-89.9329  37.1892
60.0913  39.854
-185.01  39.8047
-61.5719  37.2792
1.276  38.5028
-34.4384  38.5544
17.4483  39.4437
77.4165  38.2635
-55.4639  40.2515
-50.2529  39.0275
-41.7908  38.8183
-165.38  53.6338
