2014.33  132.219
2158.27  131.928
2119.18  130.543
1903.91  132.284
1779.79  131.881
2244.69  131.119
2274.73  130.214
2148.76  132.513
1959.71  130.949
1696.24  129.226
1659.93  130.514
1656.61  130.633
1577.2  128.77
1856.38  130.518
1920.69  128.794
1296.24  128.997
1659.07  128.912
1645.29  130.575
1720.91  130.187
1393.4  126.859
1654.52  128.864
1415.29  126.666
1751.18  128.61
1050.48  126.469
1484.77  127.854
1483.01  128.384
1544.96  126.825
1428.63  126.657
1534.6  126.39
1806.41  126.471
1816.58  126.548
1349.32  125.574
1165.42  126.355
1268.05  125.518
1419.71  125.908
1257.61  125.207
1511.87  126.328
1056.18  126.316
850.246  124.099
898.013  124.963
1006.65  125.121
783.643  124.788
974.406  124.563
1135.78  125.329
729.419  124.144
744.324  124.401
703.786  123.649
1122.75  125.727
1139.26  123.135
1031.16  122.721
582.079  123.4
932.587  121.801
1127.29  121.655
757.388  122.394
1108.14  122.01
751.069  121.164
997.037  122.299
827.009  120.343
623.133  122.101
815.08  122.655
560.206  121.234
545.591  122.954
896.222  122.621
864.534  121.98
594.74  121.992
738.994  121.955
741.101  120.441
845.104  120.981
574.587  120.38
802.422  120.376
1156.33  121.581
1032.63  119.303
320.216  119.246
669.753  121.471
491.498  118.722
480.837  118.533
222.208  120.347
575.718  119.662
614.262  118.732
524.353  118.581
620.119  118.905
558.971  120.435
1001.31  119.97
514.525  118.423
457.372  118.346
820.845  118.383
180.916  119.801
473.599  118.41
651.615  118.657
215.444  118.79
870.845  117.631
644.325  144.807
