38.5719  39.4008
65.6136  37.9465
-53.6697  37.4912
32.3619  39.4417
38.1323  38.5331
34.9014  38.1751
-77.5549  38.3637
83.7862  35.9493
33.3644  38.3152
49.2497  37.6444
16.6361  40.4598
-11.8664  38.6191
-45.137  38.8181
2.9542  38.1964
114.229  39.3498
33.9287  38.7611
28.2035  37.8941
11.8051  40.0945
16.8442  38.0068
7.19198  38.8585
117.579  40.2136
-87.4999  37.9188
-6.15065  39.2314
-2.64312  37.9846
-4.84447  38.1745
-148.748  38.0045
8.93129  38.3775
-14.2808  38.1963
-46.5772  38.3105
-28.0174  36.8855
86.0699  38.7013
23.6373  37.5579
-16.9518  37.6902
108.422  37.7798
105.708  38.1474
-66.8729  37.9545
49.2457  36.8358
-69.1368  38.0764
-76.3141  38.6445
-21.7466  37.7456
-71.3238  37.6971
17.1847  35.4344
-29.0983  36.2396
-3.39754  37.6394
35.3054  37.665
-16.501  36.8936
13.8761  38.8732
25.5241  36.5329
-45.6433  38.146
-138.199  53.8866
