-20.1096  38.649
111.583  38.5475
-0.701236  38.1911
-2.87613  38.9924
-57.2877  37.2744
-23.4867  37.4025
-180.221  37.0014
112.604  36.3479
69.2186  38.7803
56.7532  37.7439
-97.3682  39.0256
-10.1735  38.6411
-170.096  37.1737
-54.0671  37.4426
111.477  39.3148
33.5909  38.7568
29.1848  37.907
-51.7539  39.2939
-33.3811  37.3402
-15.1261  38.5703
-84.2266  37.6209
-121.196  37.4719
-65.9622  38.4616
27.7919  38.3831
-41.6386  37.6895
-9.33385  39.7964
-64.9544  37.4025
-73.4623  37.4136
14.0682  39.094
47.3121  37.8929
59.6316  38.3582
66.1165  38.1192
-19.0294  37.6626
93.9717  37.588
-3.25569  36.6914
-43.3487  38.2632
18.3561  36.414
-38.7252  38.4736
-75.4226  38.656
-31.2985  37.6189
-41.4434  38.0913
69.1473  36.1602
11.7355  36.7987
108.049  39.0919
-50.7693  36.5045
18.1191  37.3599
-29.3475  38.3132
-0.385352  36.1766
-127.818  37.0532
-165.38  53.6338
