1.45235e+06
1.40289e+06
1.34878e+06
1.29788e+06
1.24713e+06
1.19864e+06
1.15078e+06
1.10766e+06
1.06257e+06
1.02114e+06
981055
939359
903476
869969
834504
799813
769347
739359
708620
679505
653900
626477
600958
578796
554860
532059
508852
490669
469449
451913
435188
417674
399047
383983
367052
354423
340296
324907
312973
301106
288689
277001
265126
254065
244335
234593
225338
216100
207445
199535
190801
183506
175925
168312
162230
155101
149931
143394
137196
132324
125754
121197
116713
111729
107026
103678
98855.9
94741.7
91559.2
87483.2
84591.4
81301
273.623
