1264.12
1237.64
1210.79
1186.48
1162.15
1139.39
1115.96
1094.88
1072.19
1051.95
1030.95
1009.71
990.438
971.967
952.172
933.168
915.067
897.759
879.281
861.305
845.06
828.008
811.437
796.543
780.548
764.663
748.98
735.353
720.504
706.902
693.809
680.404
666.354
654.167
639.973
629.526
617.285
604.173
592.775
582.927
571.286
559.862
548.907
537.907
528.13
518.789
508.734
498.615
488.905
481.122
471.354
462.887
453.919
444.568
437.286
429.025
422.352
413.471
406.52
399.341
390.79
384.075
377.749
370.978
363.782
358.717
351.448
346.56
346.313
343.201
339.168
334.749
101.23
