1.45235e+06 1264.12
1.40289e+06 1237.64
1.34878e+06 1210.79
1.29788e+06 1186.48
1.24713e+06 1162.15
1.19864e+06 1139.39
1.15078e+06 1115.96
1.10766e+06 1094.88
1.06257e+06 1072.19
1.02114e+06 1051.95
981055 1030.95
939359 1009.71
903476 990.438
869969 971.967
834504 952.172
799813 933.168
769347 915.067
739359 897.759
708620 879.281
679505 861.305
653900 845.06
626477 828.008
600958 811.437
578796 796.543
554860 780.548
532059 764.663
508852 748.98
490669 735.353
469449 720.504
451913 706.902
435188 693.809
417674 680.404
399047 666.354
383983 654.167
367052 639.973
354423 629.526
340296 617.285
324907 604.173
312973 592.775
301106 582.927
288689 571.286
277001 559.862
265126 548.907
254065 537.907
244335 528.13
234593 518.789
225338 508.734
216100 498.615
207445 488.905
199535 481.122
190801 471.354
183506 462.887
175925 453.919
168312 444.568
162230 437.286
155101 429.025
149931 422.352
143394 413.471
137196 406.52
132324 399.341
125754 390.79
121197 384.075
116713 377.749
111729 370.978
107026 363.782
103678 358.717
98855.9 351.448
94741.7 346.56
91559.2 346.313
87483.2 343.201
84591.4 339.168
81301 334.749
273.623 101.23
