501.3515    121.7817    0   0.0016
1007.1672   244.6974    0   0.004
#1217.1354   295.9387    0   0.025
1417.3889   344.2785    0   0.0025
#1448.8131   351.66    0 0.047
1514.2351   367.7891    0   0.022
1692.6742 411.1165	0	0.011
1828.0828 443.965	0	0.0095
3207.4333 778.9045 0 0.0057
3571.6763 867.380 0 0.01
3969.9062 964.079 0 0.019
4579.6211 1112.076 0 0.0068
4471.6250 1085.8367 0 0.012
5798.3984 1408.013 0 0.0061
4995.1934 1212.948 0 0.03
5350.1978 1299.142 0 0.02
2414.1682 586.265 0 0.028
244.9854 59.5409 0 0.0008

